android: 3.4.2.28388
ios: 3.4.2.28388
macos: 3.4.2.28388
windows: 3.4.2.28388