android: 3.3.0.27310
ios: 3.3.0.27310
macos: 3.3.0.27310
windows: 3.3.0.27310