android: 3.4.2.28502
ios: 3.4.2.28502
macos: 3.4.2.28502
windows: 3.4.2.28502