android: 3.5.0.28788
ios: 3.5.0.28788
macos: 3.5.0.28788
windows: 3.5.0.28788