android: 3.4.1.28377
ios: 3.4.1.28377
macos: 3.3.0.27310
windows: 3.3.0.27310